40	150
25	10
25	10
40	120
25	2
50	30
45	50
--------------------
40	110
25	10
25	10
40	120
25	2
50	100
40	0
--------------------
10	0
10	0
10	0
10	0
40	100
40	100
--------------------
10	0
10	0
10	0
10	0
40	100
40	100



viscous friction saturation range(deg/s), viscous compensation
right arm
left arm
right leg
left leg



25	0.07
25	0.015
25	0.009
35	0.07
50	0.09
65	0.25
40	0.7
--------------------
25	0.07
25	0.015
25	0.009
35	0.07
50	0.09
65	0.25
40	0.7
--------------------
10	0
10	0
10	0
10	0
30	0.1
30	0.07
--------------------
10	0
10	0
10	0
10	0
30	0.1
30	0.07